4294967294,0
4294967279,21
4294967279,20
4294967279,19
4294967279,17
4294967279,16
4294967279,14
4294967279,13
4294967279,12
4294967294,7
0,5
4294967278,132
4294967278,131
4294967278,130
4294967278,129
4294967278,128
4294967278,126
4294967278,125
4294967278,124
4294967278,123
4294967278,252
4294967278,122
4294967278,250
4294967278,121
4294967278,120
4294967278,246
4294967278,119
4294967278,244
4294967278,118
4294967278,117
4294967278,116
4294967278,115
4294967278,114
4294967278,236
4294967278,113
4294967278,234
4294967278,112
4294967278,232
4294967278,111
4294967278,110
4294967278,228
4294967278,109
4294967278,108
4294967278,107
4294967278,106
4294967278,105
4294967278,104
4294967278,216
4294967278,103
4294967278,102
4294967278,101
4294967278,100
4294967278,99
4294967278,98
4294967278,97
4294967278,96
4294967278,95
4294967278,94
4294967278,93
4294967278,92
4294967278,91
4294967278,90
4294967278,89
4294967278,87
4294967278,86
4294967278,85
4294967278,84
4294967278,83
4294967278,82
4294967278,81
4294967278,80
4294967278,79
4294967278,78
4294967278,77
4294967278,76
4294967278,75
4294967278,74
4294967278,260
4294967278,73
4294967278,72
4294967278,71
4294967278,70
4294967278,69
4294967278,68
4294967278,67
4294967278,66
4294967278,65
4294967278,64
4294967278,63
4294967278,62
4294967278,61
4294967278,60
4294967278,59
4294967278,58
4294967278,57
4294967278,56
4294967278,55
4294967278,54
4294967278,53
4294967278,52
4294967278,51
4294967278,50
4294967278,49
4294967278,48
4294967278,47
4294967278,46
4294967278,45
4294967278,44
4294967278,43
4294967278,42
4294967278,41
4294967278,40
4294967278,39
4294967278,38
4294967278,174
4294967278,0
4294967279,88
4294967279,174
4294967279,260
4294967279,25
4294967279,23
4294967279,22
4294967279,288
4294967279,18
4294967279,15
4294967279,11
4294967279,10
4294967279,9
4294967279,284
4294967279,8
4294967279,7
4294967279,283
4294967279,6
4294967279,5
4294967279,4
4294967279,548
4294967279,0
4294967278,127
4294967278,256
4294967294,6
4294967279,547
4294967294,988
28,5
28,4
28,3
28,2
28,1
4294967278,349
27,6
27,5
27,4
27,3
27,2
27,1
4294967294,1421
4294967278,348
4294967278,347
4294967279,546
4294967278,346
4294967279,545
25,5
25,4
25,3
25,2
25,1
4294967278,345
4294967279,544
4294967278,344
4294967279,543
4294967278,343
4294967279,542
4294967278,342
4294967279,541
4294967278,341
4294967294,474
4294967279,540
4294967278,340
4294967279,539
4294967279,538
4294967278,339
4294967279,537
4294967278,338
4294967279,536
4294967278,337
4294967278,336
4294967279,535
4294967278,335
4294967279,534
21,5
21,4
21,3
21,2
21,1
4294967279,533
4294967279,532
4294967278,334
4294967279,531
4294967278,333
4294967279,530
4294967278,332
4294967278,331
4294967279,529
20,5
20,4
20,3
20,2
20,1
4294967279,528
4294967278,330
4294967278,329
4294967279,527
4294967279,526
4294967279,525
19,6
19,5
19,4
19,3
19,2
19,1
4294967279,524
4294967278,328
4294967279,523
4294967278,327
4294967279,522
4294967278,326
4294967279,521
4294967278,325
4294967279,520
4294967279,519
4294967278,324
4294967279,518
4294967279,517
4294967278,323
4294967279,516
4294967278,322
4294967279,515
4294967278,321
4294967278,320
4294967278,319
4294967279,514
4294967279,513
16,6
16,5
4294967294,437
16,4
16,3
16,2
16,1
4294967279,512
4294967278,318
4294967279,136
4294967279,133
4294967278,317
4294967279,319
4294967278,316
4294967279,318
4294967278,315
4294967279,317
4294967278,314
4294967279,316
14,6
14,5
14,4
14,3
14,2
14,1
4294967278,313
4294967278,312
4294967279,315
4294967278,311
4294967279,314
4294967278,310
4294967279,313
4294967294,1422
4294967294,1420
4294967278,309
4294967279,312
4294967279,311
4294967279,310
4294967278,308
4294967278,307
4294967279,309
4294967278,306
4294967279,308
4294967278,305
4294967279,307
4294967278,304
4294967279,306
4294967278,303
12,6
12,5
12,4
12,3
12,2
12,1
4294967279,305
4294967279,304
4294967278,302
4294967279,303
4294967278,301
4294967279,302
4294967278,300
4294967279,301
4294967278,299
4294967278,298
4294967278,297
4294967279,300
4294967279,299
4294967278,296
4294967279,298
